2801
12181
19257
8360
11816
6705
8193
14834
867
4643
2472
4764
13973
12274
18829
9626
16229
4213
559
14263
15527
508
5427
4564
16106
8241
7521
12296
8107
146
5129
16338
16048
4385
8418
7863
14812
16612
6417
15679
4975
12610
4163
18948
8604
2991
12294
4832
10925
12854
19095
10173
17083
4521
14737
16909
12762
5978
9204
4589
6124
18054
4647
2171
2439
13066
13755
971
9677
3892
370
18373
16502
4533
1041
5105
11245
13335
13658
2170
9909
16473
12343
10713
4715
10800
7621
1197
498
16826
5787
6623
18600
14155
12515
4759
7220
6270
5730
617
13883
6100
18991
10385
14354
3752
19211
5599
807
12869
11490
14438
13062
3832
5150
17777
18353
16492
18975
18851
17038
8482
5473
15638
2636
1709
396
9857
11700
6127
14195
5582
15948
16906
19688
10302
657
18899
15901
5186
15488
7390
19624
8549
14943
4773
10047
13295
1264
9021
12145
18303
17503
1339
17661
3859
6769
18057
13716
18469
7904
11632
4050
3852
8537
7459
14154
9195
6357
13775
14381
5565
4885
17725
17835
19828
6218
7881
16843
11203
16902
12708
9505
18125
14047
10886
1984
815
8943
19421
3004
16847
11052
10776
698
19590
18235
18573
12505
8312
12347
10606
13877
952
12051
15432
779
18269
3313
1342
9471
3935
14051
2697
2060
11818
13583
7765
16355
2525
7185
19359
3093
1958
13855
7512
5268
12089
6085
1493
4121
2152
12099
17998
3105
4149
17151
7605
6138
463
8948
15609
4398
6719
18306
10179
18537
11889
17944
14891
18135
8850
17971
1227
10808
11825
8740
19797
7635
18546
1289
11756
4418
17109
13475
7523
4978
10625
18850
11116
11088
11518
6724
19207
18237
5030
9386
16773
639
11050
15385
18774
19900
17076
3722
14428
8900
16183
14224
255
18449
15513
12012
2866
12621
9207
14111
17599
19832
12960
8714
14640
8198
19160
17567
6434
7910
6952
3206
18003
2311
11043
1622
19387
18486
16051
12008
14668
10274
12263
13116
7995
19704
2128
17202
13814
19728
753
10494
12162
19114
18692
11321
16681
5125
19231
7353
12052
11500
5355
18085
2543
10699
17471
4749
6749
13199
19418
743
5462
16254
6530
17178
19678
12380
18101
17212
12107
18854
7705
7989
1688
10117
19311
18369
18963
2261
5721
14736
13762
14798
12820
25
5496
14011
4774
12245
7210
7912
16709
16393
7887
6960
17291
7564
19340
15391
4776
15167
17966
16202
3155
19654
6319
2465
1742
5281
4727
7463
3737
2209
2260
16557
2234
11477
14289
7008
7442
5219
18642
4151
5332
6528
11111
2622
14092
10450
1734
2588
5616
19700
18791
8771
3073
8830
14958
4815
17832
3405
12278
1569
5614
18260
1846
7848
9736
16135
18577
899
5074
17218
5050
10406
3745
16161
13029
1558
10331
18484
7867
19668
18183
6657
12159
4976
19208
7116
9791
17040
10521
5789
2329
19856
7769
4175
11424
1226
4031
10001
2125
9105
7218
7175
19512
14685
7056
16261
19964
1107
14744
7830
774
16647
18209
12933
1136
49
15134
18176
14291
504
17868
12413
8401
9291
13639
12432
19292
19485
1536
10231
10380
1047
8636
17436
1028
8599
2263
15772
149
3037
16139
2078
15970
1481
3215
19740
16615
5111
17752
4979
15619
17392
14017
8630
14751
10169
11643
14235
11705
1873
4614
16474
14230
5770
17502
6549
8033
13274
10419
11070
13133
12498
10760
14615
19434
14221
14950
4544
11972
19929
13881
11311
1040
11618
3661
15791
1786
15304
13746
13492
897
18360
9965
15127
7850
11187
1675
19604
4460
12095
14394
17594
8313
5154
15929
7746
3095
10878
12290
18788
10807
9892
13819
11847
1509
17480
11359
3296
12784
5104
17402
14194
12529
18756
5380
17925
13562
13740
12753
14876
2052
1627
10804
9798
4722
5402
5809
3509
16209
15701
17328
11777
930
18529
6856
7947
11312
11960
8455
8713
2865
2648
4962
1621
11750
2887
19981
5311
16627
12733
186
2400
18082
14711
15919
2803
112
5448
10034
42
4869
7361
11819
5800
5889
2395
13747
921
14355
2202
13356
941
8571
18318
2562
4041
4925
6263
9352
5273
2716
13259
11394
797
7969
7312
3601
8082
12761
17356
11845
17630
4716
3663
3429
14327
9779
18969
4133
6820
12324
8795
19112
14363
11357
3153
3008
1340
16226
12002
4057
9485
3395
4854
1174
10708
12176
12977
7189
9531
4821
4818
17969
12205
11969
16016
1983
12866
14984
9838
19686
11029
18633
18797
9112
13711
5670
12120
15051
1896
4122
19108
11381
11238
7683
16276
1945
3579
9253
9134
16832
14074
17674
18521
6279
9642
14536
8262
6228
13240
18100
9634
4268
16733
12151
13380
14164
17822
9221
9214
19718
17064
12043
14819
8301
3446
11094
13968
7025
346
6822
7577
14421
4495
6097
4420
17858
4353
12682
7806
14503
17440
1861
14956
9591
9119
7412
11904
18333
10850
12688
14096
5668
988
17542
16762
18677
8288
829
5499
15865
18971
13715
5683
3390
15294
10036
19793
3099
7629
14295
539
13212
9250
10130
12174
2089
1262
7798
4143
12112
485
18239
1500
5194
19502
18262
3871
7789
2811
13091
7374
1781
10526
13057
5171
5819
8685
12640
14443
2979
13179
7654
15951
7029
3548
18040
11346
5903
4123
11831
9344
17026
7364
11326
4617
15153
14138
1428
6247
11954
19305
4811
1494
6118
13496
14134
560
195
11033
8215
16146
18062
15484
17907
13794
6830
7530
1637
2381
15393
10981
3127
2756
2306
7744
1629
16444
12893
7877
16084
4847
10902
4615
6341
17020
18111
4195
1300
15228
13236
18173
13289
8720
19800
10803
19271
7329
12440
1651
2722
3420
4779
9199
5726
16244
10829
5891
9137
2426
1974
17705
13328
6589
7766
14068
8420
11961
15368
10446
7188
12325
12339
4197
4765
12138
15000
4035
3188
11160
5686
9631
14580
14186
18830
305
14151
9658
9917
15805
15612
8433
9132
2200
16199
3199
14341
11880
2288
4787
2788
18334
17126
10706
3098
12985
9426
7133
16173
585
16540
9524
18886
14447
8353
2911
12318
1732
12829
19326
17537
8440
11479
10390
14362
7677
17310
8702
3277
19598
17210
9786
14336
491
11041
13638
11882
10934
14223
12143
457
13108
12531
16019
18907
17984
12568
1952
15521
1008
13431
15370
4828
6940
7792
11826
10259
5002
1611
11910
3058
5823
16660
14099
19461
12262
8753
17404
4404
12931
14232
14714
5461
13971
17341
3445
6539
19293
2686
11268
12317
6637
4992
18150
16818
9515
3151
18429
1425
6209
4251
1805
4028
3711
14067
4835
2192
9432
19067
626
14894
13038
17968
2059
3297
980
4745
14565
1145
17062
4922
6137
38
3071
2955
13275
6223
18421
16153
9356
225
3902
16788
18013
403
1623
3925
9836
4410
4552
8450
1168
6240
10509
4465
10941
19030
12086
19757
7672
1944
19795
10744
8620
13069
687
13724
11489
3079
15435
4462
3588
13448
8587
8932
1093
2143
13342
5645
14314
14511
15606
8543
18976
6547
7517
1726
2353
10994
9398
8018
10788
3862
16638
7578
4549
10362
2787
8831
17162
1943
13293
749
5600
9681
204
7743
3023
5850
5777
17534
5176
14320
229
11723
5557
5676
17798
16551
18796
5815
11060
2657
2453
2358
10928
16536
8866
19759
13697
10809
16772
9920
2372
4127
10125
13836
10871
19696
19614
12125
4871
13933
16076
315
19491
1751
18113
19762
546
7648
10821
3204
13822
14132
10357
2045
17611
7775
14382
2221
6495
16754
10069
16620
10590
940
16315
13924
13065
4906
11577
9140
5221
11067
14613
7054
14550
15159
14703
5370
2083
2270
19936
2602
4315
17546
10377
889
11928
16319
11105
12402
6387
7724
6712
11048
7759
635
4113
12666
12213
16974
17887
7000
11586
4941
1549
10466
3364
10641
12549
12911
16206
1931
946
17472
12308
5556
9399
16662
5522
18735
12234
9782
15866
16591
17616
12252
12524
18311
13859
19524
13617
2520
4794
4082
5884
352
5214
12066
278
7145
17750
3174
10870
18950
16392
17976
12346
2921
8936
9094
18894
1459
11125
12752
4704
4742
15273
13219
12545
1156
12374
16618
10091
4439
16896
17237
1171
14646
410
7180
5515
19652
6130
1906
17628
16907
17973
9106
6909
1920
2441
13046
15193
513
1508
10465
17453
14053
15343
9826
10671
5433
17986
11287
6390
2877
5932
6800
10058
15168
19909
794
7800
16815
18768
362
9397
6267
6524
5206
3033
1716
5720
4541
15903
3172
2315
14966
16720
16707
4119
14705
7993
10510
17583
17647
1030
7640
12814
7548
13609
2723
8083
16097
7070
12166
5493
13338
18690
91
405
139
8354
28
7033
14390
14994
11096
2834
18457
2809
13344
16039
4176
14374
7399
711
9298
18668
18041
12021
10471
14137
2812
19630
16150
1325
14049
16241
5452
14189
8315
5480
1221
2704
4973
13800
7150
330
4093
6910
8227
18467
14309
8938
11485
16698
6978
7227
7168
1114
10039
13526
4464
6188
14851
18514
6149
302
16423
14465
9504
1364
13699
14690
4448
17208
18741
8541
4117
6967
10728
2147
19627
2213
2565
6604
9440
13454
11440
19479
6979
19625
9387
1830
1858
5853
18281
13721
15357
3365
14611
12776
13423
13021
17224
10631
15482
5764
14748
6169
16493
615
9516
18706
3180
19842
11866
16635
11281
11344
3613
14626
730
9164
16485
19987
15018
17429
14095
1851
15760
6871
15274
12501
4094
9625
11703
9859
8094
1592
10072
8709
11109
8777
15611
10950
642
5951
15707
19579
576
157
8743
781
143
7481
19268
1292
1575
4839
772
8446
3833
16994
16262
13459
8696
6120
1552
10289
19913
13982
5118
8689
9592
16068
13052
1836
5739
12479
5136
12636
17600
10818
16500
5080
13806
17793
10376
18645
2285
2477
19280
18805
15936
11696
8645
1208
5705
8557
15191
10823
966
4782
10611
14018
10340
16350
10217
19197
6386
2852
16796
924
19352
5596
14730
864
19693
13374
3150
2235
19572
6150
1039
19229
17846
13405
436
3551
1961
19348
2927
4130
8706
665
18191
8776
10882
17387
15162
17455
17903
19807
527
3498
1391
3190
11630
9147
14923
14412
13907
15979
18308
3250
12994
17656
1344
15922
5506
10050
307
3696
18827
14911
4803
17709
12365
2705
17516
12892
9924
18005
16835
11123
9987
5981
6045
8120
19889
3916
4098
10921
2223
7348
3914
19879
8692
3556
5384
2463
7585
12801
2495
17604
2718
18581
308
233
15194
10232
19727
13198
10849
3184
16769
16894
15025
377
4530
19123
15019
6753
10191
2654
10353
2604
6210
15737
5067
13795
12259
10077
10
9862
12795
18592
13892
16750
17506
7844
16476
10703
18632
7324
17608
15401
7938
16354
19499
12468
15476
14518
2941
9388
17172
13294
11992
7102
4618
5010
10856
4628
18593
7371
12484
4120
8166
4049
595
2589
2680
11640
197
1801
3298
5021
19487
15747
19539
8855
430
19443
846
7532
15915
5346
15871
4645
19923
4220
3238
7294
14881
11414
3047
3491
15731
5636
9893
11091
9554
15415
9825
435
17597
9293
3694
18148
7845
2715
15378
2823
8061
14969
7469
7984
19189
15278
14070
13870
10412
837
1082
9863
6473
14696
4675
16028
10110
2785
5852
14267
4102
15145
17961
11569
17014
5806
2198
19729
4904
3593
16211
19494
2782
10638
18492
572
8229
12625
1409
13032
2487
11603
7727
10883
7630
1557
17389
17204
15824
1491
16069
16781
16803
7032
18979
16531
15657
3999
4320
19250
3931
7534
5752
18290
6026
6324
6518
18651
11454
3270
4858
3057
10997
15742
14408
13130
15332
18342
15122
13325
11924
356
14100
19734
1820
16496
18984
5751
4029
4735
4040
13776
14781
14280
12426
9955
1270
17285
13012
12268
13026
11141
12264
9876
10193
8218
9035
1408
7060
959
5485
1160
13135
2980
13351
4202
12452
1100
12658
212
14877
7438
18213
11023
17394
19484
8307
14126
15472
5053
8987
7735
2901
15818
6868
11936
17226
13928
16616
6432
18809
13471
11651
1788
6821
19574
12231
18174
10240
16386
4504
15869
9570
2350
11340
18344
11338
19075
14239
14893
7582
9895
15839
5231
6511
4039
19982
17642
9549
10524
17215
7509
5887
13167
5682
16127
1109
4781
1657
14400
7131
12998
12744
2189
15793
13458
148
14406
10044
13966
6271
275
19957
14031
3977
14501
18534
14810
4108
234
11977
5065
16758
11659
19465
7610
8377
12208
13520
7890
5666
17390
2296
10427
7433
418
11429
16218
14449
15406
1749
13628
16071
16559
17736
7770
770
1691
3468
10772
6756
3946
6151
9941
15277
14528
2149
8797
2417
11536
6186
8434
17340
8416
6101
12489
8355
4270
7894
6019
5242
6298
6699
17174
7069
8390
641
1561
18867
4587
7712
8807
3585
5960
14677
12382
12098
9933
4253
15616
19628
12669
5437
12116
4744
9708
3730
10636
19448
8973
5746
19393
7782
17853
18097
10369
6161
9529
2896
9746
19210
1294
5848
11307
11227
8136
15560
10564
11484
11950
16001
7320
16694
9429
14771
8877
7464
11089
8300
14879
14638
9874
16696
8727
16035
6224
11624
9501
12918
15349
460
7865
7205
16021
18689
11691
18151
6008
8384
7579
778
176
8243
14244
18520
15099
13398
16138
5905
12172
37
1249
5393
9191
14167
741
13373
5753
7946
13114
4181
10355
4804
2331
83
13632
862
63
13808
12826
14307
12328
11645
571
9446
8823
3260
14729
12602
7018
19699
17995
19931
13866
2457
13303
3339
14124
6416
7520
8200
11220
13573
8283
8128
7204
8192
4732
5691
6219
17060
1057
6790
10227
13601
13487
12050
19822
4225
11749
4155
7714
17458
8953
1838
3873
193
13759
18814
17487
2041
10663
4690
14908
18855
13144
4319
5073
10203
5376
15585
4150
18978
2804
1357
11027
6346
5583
2775
7882
9738
12110
15597
10917
4783
1155
14790
8698
14914
17325
6184
675
7987
14596
15583
10562
7739
19903
19356
1662
5278
14940
5813
7976
1464
7170
2724
7810
19414
6212
1330
18731
17129
6113
3606
15639
14811
2240
12963
995
2915
949
19312
18499
11511
7050
18401
10867
8712
9527
14525
19097
10992
1695
2522
18169
11040
1935
4380
12370
4386
5229
2204
7992
868
17015
13831
1730
16869
18502
15367
13733
11812
17488
8320
524
8607
17848
15049
7703
12560
464
9523
15082
2354
4284
738
10455
16654
8845
15685
18858
16838
16553
19594
10790
14104
5044
7658
16326
9807
6745
10059
1618
4232
18379
2142
12840
19947
912
4263
16227
5097
17508
15030
7451
1791
19489
18445
8333
13591
1023
5170
13864
616
19682
7967
9381
7339
4293
19188
14085
18073
4527
2037
171
6669
18598
3839
11302
2861
65
16400
4089
15095
7571
5880
14583
5477
8045
2916
9068
11807
16652
15209
4619
2786
2548
12633
5694
353
14426
10221
2390
14597
611
4709
2156
11913
11291
2222
12033
15380
1037
19605
1259
19342
8802
9304
11591
2093
17785
8242
15498
16715
16582
2004
19263
12935
7699
3336
7360
1640
9447
5678
2251
14156
7834
17886
5446
13777
825
18536
13243
5805
17877
18831
3854
17357
923
5359
5598
16421
2073
5901
2146
5056
18836
9845
8392
17840
15595
15716
7149
4883
8981
3182
5945
15235
1058
11711
14065
8633
9067
14988
13992
18386
15129
19787
4286
17275
4842
3122
10840
16956
13039
6046
18516
12354
3503
14231
3223
2566
7870
15268
14773
4933
7498
15831
16644
5283
4463
9431
3991
2176
7817
2840
1962
12103
3836
10525
18946
14676
7480
11984
4442
5995
8058
11666
226
15003
17953
3060
6593
13221
15324
1366
1874
6542
17197
2239
5381
11670
15816
7557
2377
15311
6213
3764
14256
888
9961
9052
17240
18019
717
1186
16742
18671
7968
3335
7012
4701
17486
13555
1897
19725
9100
10999
15116
8637
18556
14602
11014
15516
9912
17227
19281
7889
1835
17850
10887
19589
15326
16331
13996
4360
19666
9607
11372
4366
10813
8647
9984
10538
17748
983
5653
6384
3259
3975
1118
18776
17609
2065
1776
5497
3900
16022
3346
18509
7506
2934
17555
3898
19265
11550
11979
2650
4877
3351
7016
15690
15719
17001
9948
13466
1704
19322
3570
4963
8409
4626
10474
9235
13844
18096
5256
17190
324
16484
3844
17879
9428
16082
9480
18026
217
18872
7384
16059
18922
10426
19629
17444
8038
15065
2069
2232
8020
19634
327
13277
543
651
9760
4388
2250
13862
14939
15399
13664
8139
13424
16817
8356
10860
15689
9294
1964
11747
12390
15096
19542
9834
6854
18327
15624
9087
15258
19623
19522
13103
19758
10686
2568
15157
4349
8580
1166
2784
3160
575
12079
5124
12322
4014
17515
11138
7276
11069
17993
5602
6692
7079
11949
3934
15292
5192
1441
12822
1199
2801
76
13540
8656
12037
16324
15538
12612
8402
4382
8654
12417
16686
9016
7099
8584
4685
12769
12518
3697
1681
17681
15813
18225
18880
2334
17336
18956
13206
10875
11332
8963
7198
6869
5296
14973
13950
15459
17463
15151
17276
18968
4374
7551
12572
863
3790
19991
2545
1470
15803
769
4070
1825
3025
15064
12700
18078
7747
3618
8668
13043
2939
3640
6993
18398
4229
8176
17270
1504
7144
5878
18416
6742
2205
5160
13008
7396
4683
17498
11466
6541
19323
18212
5325
15743
16290
13073
3081
8678
9742
16829
16547
5005
9129
1772
12149
1727
11371
6897
16491
15778
14841
3886
12338
19074
10723
11660
1005
19769
17295
16562
14205
9693
6398
2010
3226
15806
2278
11952
7771
7821
10383
19142
2106
1000
975
2317
16778
17238
8154
2247
11681
3534
10003
11450
14658
11018
8011
8862
711
14409
12808
6442
1356
8613
12441
17029
17269
211
4850
11372
3074
10677
12372
4049
12994
9149
3585
2917
10108
15460
15636
1788
2715
5638
16959
17373
376
8691
9955
4808
3099
6483
14972
8176
18817
11133
5205
19807
15066
13776
11178
18140
8173
3550
5909
1166
16420
9494
4083
6527
8675
3439
12037
11390
12798
12716
8762
13175
1406
2437
1703
8227
8920
395
16403
11457
11529
5328
11263
6594
2824
2441
4733
10997
9712
14363
15884
9852
3856
3688
100
12531
7127
15858
7641
19926
8573
13100
9980
2560
18524
1927
15201
18920
18330
6658
10448
7379
17921
762
13924
4082
9216
4921
17515
3578
804
7367
11155
4492
11188
7407
15341
7045
15048
15266
19339
15172
12086
9318
17732
10609
11245
12933
9528
13296
19591
3696
4395
1231
4458
18319
5314
13674
6960
2828
972
11486
13916
12128
19699
5103
19535
15039
15869
18303
10304
15208
13474
2389
8246
11206
16720
3212
7859
6247
228
7449
13665
4623
8680
1843
2941
17715
19239
13623
4264
210
5108
18180
12338
4806
7004
15593
19846
6593
13896
13870
1800
7369
16260
13768
2295
12979
16980
10154
2946
17208
1323
331
1830
13725
2175
8492
11439
1413
2114
15703
1623
10943
17604
17683
15750
8328
16996
19316
14921
10891
13185
442
1981
13165
14210
7997
6143
11189
1872
12811
12117
6916
13142
17668
640
19038
6159
15801
4171
11995
15224
5795
2937
16548
7198
2407
4875
4193
1722
19797
18806
18629
238
786
11793
14448
12504
17937
9357
14376
14468
1473
5013
11330
19141
5653
10368
9020
5174
18260
4735
4119
4054
7673
666
14973
13801
5542
19167
15524
5338
1692
14152
9297
6199
9665
7465
18703
11322
16822
16800
5789
2015
1812
840
4876
11186
14929
17617
81
13188
2352
4200
17243
13746
4866
15936
11267
10408
18823
10511
19467
514
8383
8763
6713
18049
19949
5416
9370
490
5936
15160
6226
7748
19721
11102
2654
14649
12440
2735
7836
18513
6935
8799
15979
11802
7245
5930
3557
17757
5397
4072
6139
17881
10785
4187
17830
19922
17279
18320
5857
12438
4546
17326
15879
19369
19981
10527
15529
6436
18363
14041
13372
7162
10019
8894
15618
985
14824
19175
18742
3941
6967
8601
1822
16510
3372
5115
13788
1691
14694
9946
9958
12019
5824
13048
15720
16351
8576
5877
14713
2617
19249
5595
16357
8142
1212
17342
6686
4108
16083
10628
14796
8405
12450
19990
4914
15822
5105
18702
1233
3519
8647
14913
15538
14471
7960
14979
10821
16536
855
9254
2873
3824
18571
19231
15687
3503
16572
2372
7611
16376
16721
6128
4780
9170
6117
13415
8712
14943
12116
13667
18462
8579
17721
18954
16539
13495
16795
17275
6469
19669
4819
5039
18899
505
8543
19191
6598
19875
15566
3319
6002
4066
16210
15841
17481
8643
10783
13317
2309
12966
17800
14609
10686
16753
11147
7105
13968
7941
8100
437
7609
16640
5476
10228
17145
17740
9419
7463
17615
8705
14503
7337
16493
10713
6898
13973
19356
17682
11011
5385
14368
8810
19994
5053
9284
14861
6972
2801
3978
7409
14132
617
16607
4359
1482
18067
17499
12666
15681
6204
7169
6739
2696
17882
13637
389
957
11400
6342
9406
3931
10056
16936
4916
14058
3907
11438
1756
15038
5569
2373
11644
13650
7576
13431
11148
242
12833
1072
11132
19572
3768
9013
16929
7879
13691
11968
2999
3753
5094
10651
13809
3274
7586
2445
17332
15215
13883
2809
10252
3173
5182
5616
543
16480
19047
11691
11879
16485
11574
3973
4307
12100
11852
1718
4067
18573
5471
12882
9223
3000
19877
530
5445
17209
15745
3048
17
5996
6221
11612
6764
9120
10658
2176
13283
2537
18661
8577
17708
2633
12884
9807
18207
14602
17595
499
3793
10477
9722
6793
10353
12238
11282
9717
15287
15020
15713
5228
7661
11045
11993
501
17890
13785
7961
270
2361
9389
2903
18967
19197
4830
17289
511
5329
1082
14709
18773
11596
8783
12745
3834
3785
2462
2841
2526
18175
8069
10187
9220
3782
14644
5392
11914
6325
5662
17997
15714
8566
16963
18631
17117
17972
19143
6167
19054
13851
4939
14371
17684
18205
6419
145
4766
2041
16556
2852
11261
4059
981
9625
9451
12896
15950
15114
10892
15384
7400
11575
14015
4516
9546
13157
10683
12321
10728
15622
6691
13362
17027
8616
3501
17172
13382
16167
19213
13658
2739
14194
17717
7441
7539
7168
336
3488
14949
2593
13402
6523
16608
1638
16070
9764
16043
8390
491
15385
18802
17574
12411
7417
4795
9583
4519
4682
12516
18177
11142
6710
19615
18584
17970
10503
2640
5179
16505
17590
7772
9906
4112
4379
15265
3902
17864
11307
16013
2075
6692
14814
3370
19103
5951
8165
12406
10470
16569
12368
7710
15353
11982
10014
17043
2484
12655
2221
18989
13965
9993
12615
1797
14372
5700
15956
2907
5433
18032
9599
247
1401
12422
6198
13287
8549
13576
17192
12757
5007
16265
4738
15021
13307
11396
9931
5360
5521
6266
7158
3614
17866
16579
19570
772
2011
1321
10371
2258
6443
6514
12178
3451
15063
16288
12254
9044
2033
8518
17503
17055
5545
8445
12171
1073
2096
17532
10316
8362
8410
13930
6227
4988
17220
7000
6999
18542
1091
9258
4984
11326
5156
8435
6388
1443
5462
2362
14208
11216
14601
11710
11991
146
154
4162
4940
2250
1693
15256
14333
13824
9185
559
18812
6405
11280
5810
8667
16093
18789
13651
7418
3944
5807
17528
9108
14990
19890
3315
6205
18212
15025
18197
2078
18900
6079
7018
1149
11493
2274
15482
5316
15180
19763
4127
1584
14763
9937
13972
10855
8726
7623
18274
16391
13430
19522
5499
12140
19411
12535
18345
1342
11281
261
3420
10180
6340
14160
15051
17833
16434
14253
6869
11613
10996
16919
8778
933
10890
3353
13380
2233
1626
9770
19384
4868
18990
11523
8000
15246
13589
9342
6526
13850
16484
16706
3911
10643
15477
5464
7076
9730
12334
2409
3329
19964
7983
17660
3317
1362
3613
8664
14854
2997
13533
17564
18241
1532
12809
11829
14595
3055
9400
11078
3482
17032
1720
18959
2495
12517
12409
18550
18648
5600
3558
13583
3075
10596
18667
6689
2981
17241
13407
234
14804
11647
5487
11334
7197
14389
16597
14881
17871
13628
321
16830
19844
12839
9238
18394
15207
3993
622
112
1296
7419
10708
19963
17829
13689
923
11235
13923
15728
6602
3130
7061
13799
5170
14116
18093
3041
11464
18414
3591
11308
12829
13422
10179
9383
1135
14523
9495
2431
3923
6115
3490
1333
7038
18446
18977
6486
8768
2107
17268
2567
9040
2438
403
7132
5479
11868
9266
12791
6896
4239
5619
4038
18139
18723
5173
16382
11938
11325
5764
19583
1160
915
11920
11420
19892
18406
188
5719
19395
6476
14759
1832
6879
5611
11032
2467
14878
3822
9363
2837
13162
17122
4696
15606
2294
1078
7543
17341
6842
10846
19818
11761
14141
14958
15374
16268
18867
4813
15662
9063
19573
1214
19664
5183
15967
2130
3781
3509
6618
16671
12336
11315
15997
18352
16114
3540
19413
6676
18107
1633
10214
9868
19496
8893
8962
15763
7759
13775
15145
16823
17068
79
16486
2251
16046
2336
9753
19555
1271
16372
19946
13608
11407
15943
15680
11241
3203
15092
1637
1309
445
14898
19941
4465
3859
19424
12224
1355
18289
12767
18423
2088
12973
4394
18134
19031
14148
1408
301
10519
5075
13909
5646
1017
13309
16887
8400
12971
12567
14096
7869
16228
18561
15449
19373
14506
16804
17661
10993
18948
19750
3966
3341
1603
2996
1209
6733
3297
11728
11808
927
1094
16546
14236
1701
8207
6357
3946
1177
2644
1762
18872
323
8216
18244
8740
19626
9542
11408
19375
17229
14750
4698
3945
15959
15152
10964
10680
15612
16223
7225
13568
17925
19153
19925
5591
330
6289
7353
13097
5161
11397
5033
3404
17495
6750
3209
8902
6124
4158
7372
14544
8104
7052
9695
19068
2180
375
14679
18403
11321
11967
47
10474
11892
14525
1901
16713
11342
7062
8109
96
14188
1776
17591
937
4985
10213
9143
17586
9047
967
8358
3755
10538
6558
18434
12661
17880
14122
12709
12074
9734
2067
10319
11635
2500
1660
18698
10610
5477
16606
12386
3067
1263
13281
15767
13955
14587
14923
2944
7276
18678
13482
13834
832
6142
15434
14954
2571
11228
4687
8360
5267
42
10860
10649
18740
5190
16126
19066
19194
329
2387
16195
16096
63
10781
4630
18707
11906
1104
10927
9460
1936
17069
8615
610
3361
3563
9018
15442
8831
9061
10022
19480
11521
15213
15605
10587
16509
18519
14637
14453
6401
9214
19083
5107
2938
6211
13865
4169
11869
14655
16200
1736
3788
5218
17178
12619
18000
7199
15819
9520
6132
3827
2641
13663
2184
8979
12097
16638
15380
5031
4207
7970
10429
10418
5555
6007
3930
14823
2207
9387
18611
7425
10285
14951
9145
1205
10769
2385
9634
6213
13699
8397
2677
19115
5034
1777
4145
4475
5984
15836
14904
5112
16943
12763
15486
8337
2150
17817
19483
12435
8627
17361
7257
11013
611
946
18397
7629
13064
10464
1819
6572
14610
6294
16278
14166
4918
16401
2998
1860
2530
15762
1066
10868
1632
18883
10350
14067
15371
18978
11428
6348
13711
19847
6959
14657
1963
14589
7720
6758
5052
13260
17052
3382
19554
13329
17549
8192
9729
4267
13773
12259
28
14839
3126
13722
17198
19449
9092
16175
14597
15440
13606
14443
6119
8262
16406
707
19703
6885
5760
16684
3936
12863
16237
8150
10714
18400
1922
6693
18428
16762
13541
3809
14204
10738
3257
3295
10633
1574
2455
7959
16017
8574
19942
16143
13003
3364
3027
2483
10684
15346
16285
11669
9478
8155
6103
7877
10077
16518
10025
10559
10058
4762
811
11778
18870
17954
6828
2122
6528
6769
18266
3251
10133
5734
10181
15698
1079
10186
11087
10557
2061
17191
2154
12138
17429
12180
2697
7486
7459
15723
10546
2958
18313
12931
911
5140
15054
11160
15630
17040
14411
9483
2052
144
3384
1470
4945
17291
12558
15502
19352
13469
1377
11490
10897
13557
17908
2103
3290
9087
17826
17557
12045
19859
10488
12957
8719
9262
4116
4348
6301
2248
13831
2392
936
13545
18227
9823
6560
17579
3291
7937
12789
17909
5214
10696
11
12225
19783
1557
9782
15549
1415
3990
12226
10134
16973
16342
18203
6994
18590
15754
4703
16690
16333
15761
14917
9876
2320
16216
16888
13978
9004
19192
18528
15138
3202
84
4919
2471
5220
12630
14697
19075
9602
14760
997
16596
17070
16752
1772
17162
15717
1254
15799
9313
3574
12014
6201
1273
996
464
8158
19525
15602
15082
4241
17553
12271
16871
15971
10193
10730
16064
6788
7799
12815
6172
13293
13697
5609
14547
9496
18643
1841
5230
4843
3114
9969
5840
7300
18127
9085
6622
13208
16135
10864
14482
12126
11455
10452
7192
1648
1181
3255
12157
12701
19791
2049
9714
13487
11379
4260
2982
8213
14865
12937
1902
4425
236
17231
6859
16958
13366
5491
16619
12683
18267
10513
19659
14145
3213
16194
16649
16657
7573
4629
19639
14452
11572
16180
7389
605
11346
17224
1556
1925
14181
14922
7089
9340
4134
3708
537
5695
5463
3917
19840
12397
3365
19755
9045
21
7327
13675
3381
8642
11847
18674
4821
19236
9147
14303
13092
10704
9346
332
17201
10746
15283
1459
161
4466
5376
1
583
12462
19756
9629
16205
10803
7024
19586
3165
18871
1979
11707
1827
17848
854
19851
14660
15279
19799
5652
8345
6836
5546
1302
4987
10726
5185
13174
16102
8907
13758
8563
12383
7107
8488
3185
14131
11794
6350
16722
13774
18057
2269
11621
2631
6281
1630
5639
15654
9976
16196
19243
1219
10346
9968
6404
3520
9790
15311
17278
2073
7693
4384
10562
14599
2235
2355
4669
16129
2725
4947
11471
9078
10787
1472
17126
4404
3646
1282
12831
17335
7686
71
7124
6717
17349
9198
14410
5453
19760
9008
7688
5835
13677
14086
5685
122
2753
17156
12921
17262
2348
7350
17408
3194
11754
17471
5679
19122
2473
2230
16456
10159
2301
7301
596
219
15006
8823
19979
7734
231
9534
5131
14317
15219
8975
791
12374
1895
18053
18443
19181
8441
372
11037
7562
2845
16988
7738
16726
19289
18760
17322
6379
18979
12328
18923
19154
12212
12635
7430
1609
17982
3525
1967
191
18936
7325
8632
19308
2082
19915
5873
19070
7652
2598
6412
19921
8457
9111
15969
11789
3471
10253
4000
16106
11165
15151
9146
18676
12622
4364
8852
11557
15410
1204
14585
17493
1118
457
16562
12491
3056
2623
6697
10818
11735
2665
1918
3523
6136
7523
5963
3335
2673
3677
16203
5070
8824
13155
1189
4101
8564
2393
2406
6056
7232
2863
6339
19724
9640
8700
2346
16337
3238
17802
2722
1324
12580
1048
12568
18543
4383
18963
5940
4306
4032
18279
16851
17187
3188
951
5750
9303
3357
15528
16535
9942
1866
16258
3302
14287
2325
3360
17525
126
9803
2681
5172
2382
3729
4645
11833
16702
10586
19861
4454
12585
16711
1640
19494
1383
11112
8796
8461
6639
9052
9030
5426
6512
11355
8786
7757
15203
18589
10438
374
4692
17888
1834
13058
9721
18537
7364
9581
2990
10012
8352
19443
11395
19464
11959
19857
1010
5769
10041
7405
16002
5116
19912
3758
4039
14197
4413
6913
15805
19971
9246
8505
7335
2547
15216
11004
12560
7288
14167
7675
6751
6126
7531
294
10857
13232
9784
4618
4357
5785
9735
4269
13265
6490
11182
1908
17124
6986
11877
17094
16233
4102
8149
18780
19318
15060
6606
13320
17078
3166
13987
1093
14024
7218
14598
15297
383
19566
17369
9592
9776
8550
15221
10620
15536
7097
11434
15489
14920
19584
14269
17958
2457
9328
8284
15777
12063
9083
2664
6050
10176
408
16989
4773
2770
12285
8877
14868
15571
6245
8180
9067
18516
