2646
4862
7421
11922
9456
17988
2936
4457
1783
6456
3492
17700
16152
3195
10568
13412
6013
10618
3549
7910
19815
12851
9143
7704
13912
6167
4707
1210
11472
5337
18115
3113
10200
9256
18757
19656
10965
1692
7833
16469
8148
15047
14168
4300
1962
8456
1432
7975
19074
8702
19606
2608
1552
8749
10313
19185
18637
15020
395
10108
357
2230
16943
14278
11486
15699
17654
6171
1111
5486
2639
9259
532
16808
17280
6215
5263
2432
17912
8058
11135
17517
10666
16408
9986
978
15593
8622
15999
15988
18731
76
18218
19394
14354
13424
15092
12007
19596
16203
1213
2234
9182
5467
2762
10183
11682
8026
12615
9593
19805
7470
10831
10470
3878
816
15170
3191
13160
14889
19179
15611
14965
1116
15004
13039
18261
10095
8766
17856
10018
13700
3811
2920
19167
6573
13103
14570
18320
9439
4162
18124
16909
18714
12315
4507
19531
11205
7698
16411
6093
10597
12021
4778
11713
7024
1537
13695
839
14024
11550
14578
7723
19082
17498
10611
5655
14322
5180
7695
3760
13063
9540
4389
11777
1854
8897
15028
16780
16595
11438
2872
10913
7179
11371
6346
14203
16629
40
18763
10652
15312
13340
18375
14393
14558
8985
47
8879
17886
7743
16360
10949
1003
749
6446
2857
9646
1473
3357
9961
12911
9950
873
89
1320
7220
18013
17949
7260
495
12321
2571
17556
10695
16965
12113
3401
732
4713
5007
12196
1072
15956
13199
1821
6122
19777
15188
7595
3133
5149
4226
13083
6022
8036
16963
9769
19793
4223
10264
10515
11540
6529
11200
7374
13651
15654
12087
18658
7849
16880
18335
4769
18702
4456
4545
13889
15773
11400
2758
19999
8203
8781
11756
6327
5743
1524
6119
13687
15510
1953
7923
7049
8482
19123
14423
5853
14776
10230
4510
7110
2844
11115
9532
11022
19381
3420
6794
14501
6179
10513
2704
18681
2268
12752
8144
3793
2591
5552
19303
4544
13475
10072
16747
12597
4495
2599
11094
18446
17440
5555
13675
12275
15087
8417
11655
2228
15211
9877
12128
5724
12581
14529
5332
2672
15506
8224
18529
16189
5419
12322
12935
1737
537
19256
12831
18983
6365
13991
8259
6265
7066
12178
1640
13015
11109
11517
5142
553
4097
3391
13150
9785
11493
4794
1729
13743
982
7149
6064
17638
8886
6601
16893
1716
5583
6978
15707
17563
10739
5692
4629
6637
7332
17644
1466
2570
6507
5741
10388
9898
1728
3538
19683
16942
8332
1412
14405
13035
8561
468
10672
1167
10790
11286
6604
94
18264
2310
17657
12723
11723
2285
3080
2775
3650
8268
5345
10157
14009
15734
54
19458
19272
3458
16399
11324
8591
10804
8079
17152
14993
18751
2039
5783
13757
8643
9598
14674
7254
4743
6396
13261
7824
9171
16911
16092
18238
10788
13821
13971
10842
13278
18021
13397
8286
6611
7921
16365
7483
2914
18836
9522
12418
12593
1885
5736
8334
16559
16711
13077
6675
9971
4621
15847
10602
4433
14084
1389
1974
11775
15953
18973
8737
17694
12370
743
4305
4011
17108
11788
10646
19664
5031
3063
15977
6916
12520
8031
3475
9231
1108
13871
2922
9450
9717
13525
17605
7521
18635
3299
3016
18308
2272
11753
16002
18363
12496
4027
2373
13324
15815
13020
16709
4566
19804
12685
15204
12324
716
18679
5275
5545
12549
8197
18716
5987
1721
17229
4077
3340
245
2384
9333
15719
2106
8215
6133
13789
5259
5669
10529
1967
10235
14054
18374
5438
10098
2810
7837
15373
8355
4107
3569
10791
13815
9012
14553
14764
13089
17893
18730
19194
10946
14449
1300
18641
6384
11154
16150
11643
16823
6679
17332
10779
4453
15705
16217
14551
18515
7775
9923
10590
15603
13492
1380
13138
6224
15933
7901
3033
17546
10352
2227
8491
8521
7248
10852
14905
18402
10723
10268
15225
17402
7599
6003
5575
5940
125
5538
17436
10048
16128
13038
1229
9896
17206
882
17798
238
18429
11870
2465
10640
390
9713
1492
19016
11836
15936
13004
7060
17058
4324
16784
2632
11348
6444
2757
16887
3880
12805
16735
638
3785
17964
10535
990
18847
12053
995
3922
7415
11635
8033
849
16848
7048
12783
51
3465
9840
4375
3969
12472
15724
10413
15229
16331
18014
11754
13065
19261
11029
3971
13596
12402
5200
14591
44
16337
9946
8077
17186
15125
13591
19577
18897
17056
3272
1024
9330
2716
15158
8280
2767
33
15832
19266
3014
10581
15894
6986
4176
12016
15907
2487
12060
12243
12434
136
13149
2948
18982
6739
6245
17878
3794
19383
4870
8539
8713
11307
7418
16993
14074
4310
746
13627
3575
7482
4207
3189
14468
12105
15205
10374
18313
7264
6338
10746
11121
19487
13694
10102
6226
19940
11700
13741
3042
16571
6001
15476
11598
13419
5672
17729
656
19299
1303
8138
7226
8213
2605
3051
3417
16700
1364
14402
3037
15831
9243
13246
19345
16192
16906
11044
9932
19948
11335
19145
6654
13072
15333
12326
10800
15989
15345
15824
4126
6291
4036
10452
9343
11174
10873
14428
9296
17631
10258
18539
3875
3503
17883
66
4129
12648
13720
7798
7703
13373
6942
14357
6445
5995
10403
17245
1984
9468
13069
9831
19481
825
4004
12544
12000
14877
6971
5016
12507
949
3555
103
8174
5158
3890
12303
1526
1330
100
12951
14704
10763
7307
1148
16759
1431
2113
18743
14620
18903
12294
14100
19729
16298
6643
15449
14895
17335
4185
11123
18285
7740
14947
6458
16620
18837
2481
18146
167
6303
11096
18592
17066
2124
3460
13824
7276
5573
16287
1895
8581
15996
11646
8599
6359
7094
7215
3694
15000
18338
5699
2740
13284
15878
15841
2079
1225
8382
16043
5448
1887
1779
9163
11074
19280
14779
19271
7860
14495
10916
179
854
1730
7394
8269
450
5731
17689
3190
2735
13566
6270
18577
15645
11217
2025
7748
10980
345
13196
16588
5845
16188
9471
16919
15467
4249
19910
7047
14546
7227
7040
19997
14621
19030
447
4073
16718
7358
6808
14004
17350
9105
13369
12287
11131
6987
11476
14312
3574
1041
14221
16766
1681
9687
4735
1590
7200
19858
3961
17961
2302
16990
7742
6375
13707
15101
13184
11431
16171
6009
4800
8457
17140
5916
15444
12336
3949
2738
13378
18170
3224
18780
11577
7959
369
8311
18881
3947
15993
16841
11243
18296
13831
18985
4670
11258
14085
1574
6410
10255
7584
11210
4723
846
17876
780
4795
4334
17879
6685
7558
16658
18263
19239
747
10294
18119
4695
6287
18680
15938
4582
16231
14922
12973
7489
12728
14548
13899
6703
5852
8829
9136
10575
9675
10732
15076
18192
18788
12954
4876
6345
9611
6859
9304
10359
17154
11143
18775
3440
9823
14712
11743
6053
13354
8436
13542
9802
2983
11161
16506
8835
3710
9362
3131
13386
93
1927
14882
173
8947
4492
7033
18251
18572
7907
9394
17346
11347
19217
15778
6810
8990
12853
15246
6253
2654
1950
17414
2880
14506
1124
12242
1357
18231
3285
13528
14937
18167
13701
3883
6379
4454
5855
4951
12361
15249
6017
7428
18186
1795
17959
7175
14648
16926
13428
1022
18876
14563
3903
17102
19408
19866
18460
1358
15922
5465
14886
10859
7352
12307
14742
13731
482
4317
2402
16564
19566
12141
7713
1471
13936
5671
12368
12304
2596
9516
17047
5192
4078
6015
7206
4536
4474
8564
457
9939
3449
15037
1011
19478
13500
19960
17817
865
16523
1103
13006
4235
2574
10662
13628
14942
6686
19945
4458
3732
5137
12257
8403
11152
19464
12939
19347
11748
17117
15198
12154
14017
14675
5653
12479
18355
3469
17065
4572
13791
2833
10868
4452
16461
9530
11138
16405
13988
5262
9966
6994
134
3653
4897
4490
16207
3815
16644
10223
2210
6423
564
13208
3487
19163
17780
17279
1995
5451
2176
1898
310
18581
19607
2622
7564
9572
9616
6442
10900
11340
7106
1844
1050
1086
11582
11194
5371
4789
8254
6290
19401
13970
4852
16146
555
8883
18448
11505
6011
13455
4841
17430
3618
5551
12050
14958
10751
19157
17554
16316
3927
2360
7898
15121
7732
12687
17243
19707
2697
13677
1355
1495
9822
5631
14099
11990
13235
5603
10411
14165
19152
14029
19716
11201
12707
10466
14078
10260
6782
1725
12621
18401
566
11087
17810
3779
17506
14453
1176
2581
19669
14720
11933
13767
6709
5168
3090
8431
15579
975
11303
9607
690
2313
302
16294
1658
5748
8914
58
6315
16708
14867
4124
4208
16093
2297
5384
18674
1965
10606
19453
6813
15774
6263
18965
15073
7238
10267
4679
7928
16491
10713
2804
513
10728
8184
6262
19642
11963
70
10550
421
4278
6642
6439
13383
5315
8404
17208
19643
7741
15416
17840
6705
14210
5077
692
18889
16726
903
13323
3250
5138
4050
11434
7412
7118
7697
11203
1388
11839
19202
1998
12585
17067
14123
9792
17533
15846
7259
7958
10055
8650
12664
12782
13274
9707
16032
18412
17478
11187
9811
4890
1228
19814
3413
16788
15165
18786
15321
12232
12908
5112
12661
2327
12227
9586
14323
2281
5642
6693
18667
18424
19967
12094
18177
18379
13084
11910
18183
15109
13139
17996
2242
13647
17011
17408
16154
12331
13360
1163
6020
15110
7528
18248
8416
5571
14059
12264
6636
15952
18100
14330
12023
11183
6239
10205
10012
3098
8200
12255
466
8932
9662
4983
3021
9401
9868
12762
8231
14730
16648
6688
18980
14427
9336
14350
18624
11787
12450
16674
3809
7353
6634
14014
17366
13453
5935
13341
13919
18588
3002
10538
3570
9744
3660
17159
2505
11891
18276
17236
12259
4963
19936
10406
11356
12992
4756
4779
926
8588
8279
728
6323
9365
14182
12258
2705
8100
14566
9428
2359
1856
2892
9740
5398
5351
17291
6354
17611
5974
10010
11737
17330
3001
16493
14751
11501
17419
8846
9419
9574
10133
18784
7476
2390
5210
15577
676
18359
1656
2532
1251
11396
1547
10370
467
18838
444
1798
8532
10454
13536
9583
17176
10028
4333
8677
11168
16900
12487
586
6474
2619
13950
8730
8300
13247
9406
10380
11938
11631
10019
13486
5721
14208
16044
6165
16006
8297
339
9541
17880
17515
3290
5933
6191
14458
2398
15044
13028
5017
18134
6977
13747
10155
3945
3152
534
2568
15091
15886
16309
12297
1606
10516
12061
7771
6521
8110
19784
1957
9345
3073
11612
19258
17531
14445
1655
12574
7472
6673
419
8303
2114
7293
8837
2383
8443
4712
10049
18949
1540
5469
13371
8973
3938
6437
12046
15550
5694
9576
9994
11070
5870
1186
17743
4019
19357
1883
5191
9176
4880
17316
15280
2027
17401
7093
15303
12354
10166
13563
9446
19139
1222
15883
14906
16772
5297
8202
10487
16367
17794
11673
17831
1812
14750
3434
17855
3662
12610
2734
977
11610
19779
6726
9010
10592
11422
4312
2945
1587
1596
16112
4447
2818
15715
3310
11275
13797
1099
9068
9191
2650
10880
3940
6084
8735
11323
18694
15190
12301
14968
2747
6754
5559
14169
14787
12226
15757
16383
12058
3924
2921
7773
6997
6232
12505
18272
3749
17325
11061
12940
19975
1940
601
6058
14396
11924
8472
7945
2495
8274
10692
12970
17555
4861
7757
13501
4338
5558
11983
10782
17052
734
971
4483
12032
17424
14298
18025
355
12089
13669
5395
1614
18765
13670
16027
11735
11224
887
3212
4724
8946
11072
14003
928
1853
11055
3628
6308
4332
4600
10792
18655
352
11936
12952
18046
13681
17029
13856
7349
13298
19251
12684
12062
16641
12432
7517
11585
17040
10729
29
5986
5522
14033
6914
8808
10543
17405
13140
18864
8196
15515
19216
131
8467
9216
14838
4881
2513
17809
1286
18171
13718
5813
9755
10757
262
16743
9505
7538
7378
16346
1641
18006
9485
504
9922
4999
13774
17187
4422
11306
6402
2980
19908
12636
1193
10932
2680
18632
16745
12435
9389
727
9852
10233
13478
950
14555
6312
12560
3028
10537
6202
11749
13978
19976
8935
2120
15002
19059
8822
14909
11694
13332
16103
2625
16012
18455
12167
11564
7539
18108
1416
6087
16047
1408
12400
12327
8157
19906
634
18504
12562
2755
13505
11620
12134
7034
4908
11957
9660
4640
10412
16471
16807
1975
7730
14914
7112
9222
10220
13200
5268
15349
5599
1315
3505
12256
19844
3411
12891
2067
15973
15646
19293
11313
10943
11427
18347
19572
3383
11727
4211
17516
11919
4738
19492
19649
3373
6603
8871
13593
3523
17860
12662
9122
19176
16167
5099
2739
3298
17990
4807
17356
4099
14304
8298
19247
16372
11590
6351
8098
19522
3866
16
4259
19666
11353
13682
4945
17205
13837
1327
13012
17495
15147
15752
792
13136
4279
3784
10491
12099
1808
2509
11346
18180
17820
1417
6278
17341
5283
10015
5320
12362
13401
6043
5657
5339
6968
19495
6667
17016
16227
7882
12162
12395
9018
19978
16179
3229
12077
9459
7143
7278
8560
8339
13843
19902
13660
6204
13302
15968
5895
3672
2121
5103
15835
1541
17499
1518
11803
13595
15385
1261
15273
8540
13018
1437
599
6861
5059
17980
16786
18362
12033
16475
18868
10657
16089
6803
16499
1192
2637
18040
18691
11211
19559
12367
3013
16874
11473
7995
5053
6745
255
18071
11903
855
8652
18835
9159
19045
14589
5633
3806
13456
8764
14463
9544
15567
10961
10736
1925
12722
13147
16857
16001
5514
3590
12874
707
17927
11173
11841
19719
6796
16417
8370
3758
15251
17529
6523
9839
6882
10329
7015
19367
4791
280
19474
14737
579
12195
7884
1156
8195
17119
4746
17826
8998
15613
6155
15794
12029
18246
3273
11001
19496
13517
4560
6377
3846
11576
5744
12358
11856
8119
11831
8698
7746
18197
9854
19662
15315
18321
4451
18372
14609
5858
13985
4484
5373
9734
2729
5945
5883
5295
12323
9729
591
1787
2087
16168
9906
17639
6480
2324
9106
4677
15899
8767
19992
14219
13218
16853
16311
7826
2710
14016
12310
11804
3750
18761
4170
8205
4705
10054
748
17812
6256
9311
13979
19883
6950
4180
2206
8857
1825
8543
12569
19765
1761
9421
16076
13308
15853
13812
9339
7656
17562
11820
15548
5767
16525
5601
2987
994
12825
4520
7250
2136
2219
7133
12807
6399
13060
12583
15256
1125
11546
18371
6607
966
14446
3636
539
8258
16696
8515
7464
19028
8760
9754
9610
10256
725
12475
11579
8273
2595
4638
4576
17851
3244
9423
13117
1615
19751
19782
3386
18344
11760
81
6539
5021
8596
17724
4048
1077
14509
4119
11556
19586
19957
3134
11580
2551
11494
19877
4122
18459
9299
17240
73
12771
3576
16157
13387
19057
3647
12276
1370
8126
13353
15880
1630
4184
3719
9112
19461
7025
6316
2325
15340
2202
19462
16268
15222
62
7992
15465
3638
4149
12573
2694
7829
16220
10493
104
1310
18619
13458
910
1362
16802
4543
9590
13980
4929
12389
19903
8112
8657
8533
12440
3116
7719
19799
10986
291
6213
2535
16511
16706
2640
19819
2452
1180
7081
3536
5723
2456
13127
303
157
18056
12692
59
5069
18905
18422
17509
2021
6140
17307
16728
6431
3520
19264
6662
225
5624
5442
10655
6005
10343
1457
19787
7634
2667
7791
4444
16503
11572
14332
1571
10476
12753
19081
16218
2613
16387
16667
9044
3627
15930
19427
3853
5274
11351
6844
10716
5726
12849
10904
6110
4565
8778
8376
6329
4878
17901
11274
6449
12098
5529
8315
10361
5637
4981
3126
9264
4631
2552
16838
9905
17624
3681
4341
3350
250
9120
14254
6361
13686
12792
18860
5782
2842
15802
10660
4463
10796
829
16561
18544
8597
12626
15717
13578
4980
1930
2024
5539
11835
9220
16177
2998
13192
9017
972
19553
13765
2132
12205
327
1654
2864
4790
5072
14715
7340
13211
7246
6812
1911
12897
8836
7450
4732
8484
391
15203
13583
13646
16176
13135
3790
13661
18988
15995
641
2580
2498
13091
9995
7570
11526
1238
18866
699
12206
5677
6331
5102
18235
13782
13555
6718
14173
1904
1921
15551
1817
8331
3061
19199
7318
19056
13186
1635
19405
4770
15351
6975
16297
2839
11934
18883
4139
8281
12963
6515
11093
6517
16954
8986
8422
461
7693
8133
8792
10754
7331
16110
13530
516
7789
18887
3642
12559
14237
10617
12576
797
6271
15180
7181
5367
13696
180
13611
14370
9166
5753
16966
9627
17167
8819
2139
11641
16151
18249
5171
387
9758
7778
4029
2317
2014
18367
18614
6532
13793
18310
18770
973
7397
5863
18390
7578
3194
16481
16744
12669
10092
9835
5985
12231
2315
2135
14201
14089
2523
3958
1866
6552
9996
7601
8640
12331
14134
13278
6123
16164
12047
10818
7281
1630
12928
14859
8545
13129
15324
1213
10295
9136
14770
16281
1366
19967
18416
19288
14055
4659
3246
19642
14933
13242
7242
3572
5572
1375
570
15417
1259
12617
9955
8541
17968
6603
7120
6512
19733
6164
7726
10027
15300
6216
10028
387
9903
12165
19675
3957
16824
2920
3598
15477
19884
14561
19049
9176
19658
19619
8313
916
15956
1988
13178
13923
8592
298
4156
8324
6462
15603
2071
5483
1818
15821
5870
11721
7985
5544
19399
4808
12186
6717
285
15790
1277
3054
4965
934
2673
17000
2349
18988
18750
19994
7579
2768
4149
19624
9231
19752
5416
18435
5290
1236
4304
731
9221
13569
129
17750
5754
10567
1755
5264
15565
4810
13951
220
11204
10950
5792
17274
9937
8262
17267
1237
11031
1415
4581
3982
4887
9997
2416
13898
14954
10441
14629
7895
4009
18479
5645
13485
12766
11121
18749
8331
19652
12699
8551
10855
3648
18064
8129
17307
10046
9116
18544
4797
14253
3124
8779
2860
16843
14916
16759
11796
5356
15108
19692
13087
17308
9057
6571
10073
177
9040
18404
19830
1739
10675
14405
9108
12459
6254
10135
6226
15371
12399
11023
13344
19245
3523
16204
16087
18439
16683
11603
3795
11791
15015
16882
9098
4071
7173
19171
7970
16213
1295
11520
1672
15691
5924
14502
11871
15900
4636
18097
14991
756
12840
8334
0
16363
4537
14802
1220
11410
2317
16732
6425
2919
5829
14217
10092
8720
5907
10025
13736
17427
15419
9427
7072
9920
5018
6692
18277
3114
1682
19033
15954
10016
12317
18274
18840
10839
3214
10250
16877
19946
395
19796
9495
14612
13608
18216
4240
3632
15672
5387
2771
5098
12691
10116
19151
14689
16951
4553
17442
16626
14569
195
12663
16564
19035
7222
19778
13005
4098
19724
13400
3893
12939
11733
1221
11154
15973
8574
10547
1359
11346
15645
17540
4036
9482
410
2445
10153
4964
19888
10499
3253
82
3161
19817
2837
10383
3315
15843
14481
6759
12963
2094
19698
4695
14573
4388
11890
5119
9469
3235
4484
10729
10992
17687
11139
13438
7840
19824
17046
18339
3077
848
5221
6614
3685
15604
13650
19528
13806
408
16212
19621
106
906
2936
18400
9016
18547
3518
2205
5502
11723
12934
16494
9410
4072
13652
17250
7617
14418
19309
14415
15266
4529
1028
18952
3854
2199
1380
18808
18411
1000
2634
3038
7657
4754
15775
6203
8272
17980
15426
19996
10913
15641
13126
18706
13013
10375
6322
7431
13404
736
2696
1654
5486
5368
9229
7606
11289
10609
6413
9699
15330
12769
16458
2987
17523
12232
12911
9516
13932
8337
13232
8565
3977
6357
7271
16990
452
17314
8141
13856
18051
10838
19231
7257
19927
12180
14863
11215
2788
4996
4635
18119
17765
4813
4826
19009
766
17737
8524
14698
9794
5476
3263
13771
11833
10534
14482
12285
11568
2622
9861
13339
17181
9092
595
17108
4992
19179
12043
7781
7896
16678
9620
9381
1491
18167
8389
2257
633
675
9418
6109
3938
6909
17942
18193
1390
13947
9761
7734
3808
3099
4914
16621
7416
5742
1612
10315
17786
13114
18211
14463
6454
7592
4620
19702
5652
4244
335
6328
13662
10165
13987
8107
5682
2053
5661
13416
9582
12481
2050
6202
3617
7793
11536
13933
5578
4649
12143
3761
11104
3455
7157
19445
3157
12809
7409
3492
2857
1070
13657
16845
5362
5484
12745
11044
11259
2126
8180
840
14607
10230
10764
18225
18023
2299
12157
7321
10669
8020
14804
5493
11476
1960
8659
14633
18490
16068
1845
1347
17139
19223
1912
6221
8428
14657
985
19687
16783
9165
4247
15110
3115
15011
13334
4859
1030
9211
15901
15421
952
10704
913
12428
16385
9572
10781
14875
9361
16347
19943
6499
19290
5575
16441
7717
3952
17426
11124
734
10311
15372
19565
13426
14103
12899
18285
15134
5830
17907
10554
6782
8610
15188
2930
8716
8481
17432
7311
17842
17499
7253
8061
16789
16549
4501
4505
500
5647
15630
4955
15958
14722
4519
13104
8824
1138
6969
13016
18232
17472
1625
17141
402
14062
9342
1554
1372
7183
19054
12346
18965
15842
8894
7186
4067
9394
12833
3417
14349
12511
18139
18869
5614
6963
6
723
14641
10696
13739
12873
8168
19086
13734
12291
13147
3075
13845
14520
13979
12898
6865
12943
8739
15760
128
12807
8874
16682
19945
3223
9192
18084
5812
14806
5046
9539
15530
235
12989
16280
8403
12074
10013
693
8942
16809
18259
3461
10787
11157
14047
3729
3616
13527
7578
16423
2401
4259
16368
9345
17172
18172
15157
11978
3217
11228
6624
8651
7937
2904
17054
3732
16638
1467
12674
13447
19727
19856
4233
14604
17623
11684
18220
11150
2982
18364
17272
10963
18452
6616
8134
16623
3832
19840
13909
18781
10184
2560
6718
3334
10450
8523
6844
10614
11970
6699
18568
6573
4321
10251
4792
19192
16955
3155
16463
7917
1606
3078
16051
1949
12292
3604
5509
6201
2384
15694
12482
9102
12502
15816
3272
9669
8059
282
28
535
18851
10322
8578
12822
15115
7769
9776
1990
4232
17693
7318
17465
9267
7044
1068
14777
13245
3452
10470
9447
16276
8983
19548
16362
17043
13385
16644
17071
17641
19215
7393
6218
12037
6228
17709
1812
11939
3226
19257
16692
4411
7456
5479
7021
700
8931
1211
13868
8927
7903
2851
8475
4264
19894
5580
4629
684
3220
3843
11798
13160
19601
18026
10868
5134
9965
16529
12081
12942
16941
16492
5186
4397
1970
12207
5097
14622
13418
2686
3549
5042
5537
15745
13027
5430
5045
17656
6114
8265
5220
17913
1424
19659
13675
12541
5755
6286
2246
11472
13879
4216
3679
2559
817
5382
6108
9580
10919
5573
2607
16349
10618
3983
6184
2603
12924
7817
4028
1465
11196
40
18861
4540
12582
4616
10826
2063
10583
6018
15942
18521
18638
1079
17957
7741
10908
7536
18660
16481
13864
15009
10819
17848
4913
13422
14492
16451
1170
15957
7646
18539
17514
3154
6732
3297
17458
12751
2959
15978
6168
5317
17057
4124
13058
11685
15382
11718
8165
9245
10447
2704
10813
15360
16127
5305
11810
17297
4982
19456
2228
3520
15363
19742
10395
7853
18566
9718
3830
8455
15036
4608
16300
8093
13
11681
3531
11900
4647
13978
15460
10730
764
8588
8027
9468
11765
10255
12988
7127
13718
3383
476
14957
15229
10195
2507
3683
8951
10836
3703
17044
10850
19106
4296
2749
3752
17353
19212
11332
8083
3697
3640
19831
13165
15405
9873
6252
11244
13256
19195
11933
18144
5636
14441
1826
14587
5276
9250
15351
19847
8355
19647
2595
12107
1641
19949
15040
16694
11752
18737
333
15303
11901
19460
12829
1773
5711
4073
18751
4905
19515
14404
3048
5150
12565
8595
3457
1566
2528
1408
9921
5896
4004
5749
11258
7673
788
7951
19425
19525
12005
18448
15146
11464
11276
639
17176
15349
3110
5801
18584
17515
12571
7454
10079
4886
14632
11641
6452
17161
16771
94
6777
774
5843
18035
8447
6631
9706
11592
9876
5431
10039
8742
16896
5035
13102
17792
4105
19934
7313
2688
1168
10143
14968
8491
4774
10330
14943
5655
7100
15037
16153
7874
4600
17908
41
14952
7613
11633
8548
13045
5392
1010
13661
14148
14113
15173
18253
17767
2485
4662
18935
6090
18526
13902
14581
7020
4231
9523
12676
15052
8281
8828
2925
16602
10457
6687
11554
18070
2040
101
14835
7432
4833
12216
5301
2666
7388
3553
432
13595
8215
19367
19685
10461
16989
14265
17482
4941
7508
10157
19993
19510
2705
6639
16112
13162
13326
11386
14953
15367
15208
13508
6519
5724
11820
2706
16833
19095
3138
11030
6225
13832
11817
18973
8155
3046
12850
11868
2555
19276
18507
2387
16159
13773
11111
10920
8981
4618
17439
12742
14063
9259
15449
14617
18587
8764
3103
8533
6317
4594
11747
18134
7287
3622
1179
136
15490
19413
17718
13564
15571
9550
11058
10402
469
3759
18741
1628
16501
16525
14608
11949
11141
6681
14257
19905
9785
2789
9942
18100
18257
8076
5599
12976
9244
1088
4152
12377
18806
1437
11668
12076
12495
2069
16266
16254
4531
17895
12754
1055
8424
15917
19184
6401
19542
12689
9484
14509
11167
1280
16766
14256
12861
1574
2129
5237
4101
3566
626
19898
16061
2695
16035
10947
14058
8788
15723
10280
932
11639
13184
7333
11181
9593
3964
664
4102
15131
1944
7718
15617
19921
578
912
2049
9537
8734
9336
10163
8631
5396
16579
8515
1430
11247
6293
13940
16574
18593
18609
13478
5926
13510
3071
9890
14174
19839
14891
8079
3479
19191
12712
12448
1445
18586
6331
13798
7703
6630
2312
12854
17877
8606
10514
4846
8900
9107
7175
2377
18754
5448
12364
18579
16342
1105
2137
12906
5616
14144
9338
10312
10784
893
16643
8302
8596
6993
14335
1449
4870
6661
11964
13437
15561
4791
4332
1659
3544
5016
10828
15908
7315
10891
9452
5844
17361
18789
19988
6698
17376
14020
1202
1989
10662
9504
10585
3839
15755
9966
10500
11439
3402
9782
16230
11455
15162
3494
191
5989
19403
7506
16880
678
6444
1217
19468
6431
7915
563
4171
9118
2552
14833
18622
16858
19930
6181
12612
9895
7772
17019
4001
8473
5345
7496
8665
15055
10619
16171
15656
14476
16850
2099
15693
37
12252
3607
12725
6873
14977
15068
7451
14906
1248
62
4800
1650
11555
5539
11834
15557
14013
899
6773
2677
19676
17392
2568
15331
11867
19418
1150
11280
3175
17123
14887
13546
11333
18090
12243
6400
5540
10869
7648
9324
19390
13020
878
4929
155
18942
9474
10649
5339
12870
8040
7907
11921
3627
7325
13071
14907
14221
13915
13515
1717
4847
3527
3423
9068
18013
2615
2112
17402
15635
6711
2330
4209
6867
17404
17516
10331
10273
9277
18239
2193
16625
9284
18985
15253
7225
12488
4079
17335
16191
11223
12302
5258
9235
11091
6637
17994
17802
12688
2202
1401
3326
9626
15453
17320
2623
17412
3233
2968
10416
2217
18221
17642
18838
10708
10304
2916
11763
6494
17861
7785
15473
7095
6423
6563
17453
4416
8086
13862
10339
15263
13665
9821
10715
14705
16165
8127
17938
19134
18543
154
1074
16184
2712
15504
6488
5629
7266
16703
7210
12176
14305
1474
18739
11758
9611
10545
5619
19950
10741
4602
4282
15317
12039
447
7164
9976
3301
9428
10130
4375
9332
19879
19541
5913
10866
16244
13123
5917
8419
7427
11112
10878
2905
722
1423
12245
4392
15885
567
1726
166
19606
13765
4334
6769
3740
11356
16197
17591
15732
5529
14154
19331
5069
66
13917
5033
13189
3554
13452
4337
14666
4330
19109
3208
7221
5358
3775
8947
3380
2711
13580
13871
6451
4935
13788
7763
4387
19317
1916
7439
1983
1355
16861
18893
4910
10313
3229
3296
14193
6126
7837
17401
13347
16916
4896
6015
6160
11998
8726
3460
5868
18899
12117
19656
16504
2693
12298
7663
14521
14281
12740
11381
16895
1370
1693
123
8387
3777
14316
18234
15335
15437
11581
12250
4054
1316
2131
16052
10042
5591
1919
12661
17708
19322
17933
7988
11620
9316
2508
9621
2055
13890
6515
3425
19304
15534
3081
4675
13767
3833
14387
7887
10384
16518
426
5857
3537
11152
16130
5190
19141
11470
14506
1648
1090
19259
7428
18563
17966
2961
5364
6361
16729
7500
10194
9517
1886
18081
19902
2124
2018
4048
7954
11596
855
15212
6469
16985
401
9330
8454
18628
10978
13266
18910
13958
871
10059
12520
2557
17884
8918
13469
5383
19113
6707
10991
6608
13115
6653
10656
18249
15232
8438
12217
17768
4391
2750
12467
17657
6424
2248
15439
2664
8526
4268
17445
5648
13372
277
12355
4362
1190
2683
1198
11564
17060
5987
13534
5988
1971
8229
6389
19740
12620
9139
12206
13998
2350
16246
9958
5014
4772
9282
5937
11507
6374
9935
7582
10737
11125
6410
11046
1642
19944
7058
7630
1914
15287
17741
5374
11628
10600
1300
5625
8840
3650
2519
12385
14084
8377
20
11762
13676
11187
6219
4801
5173
1874
14932
19940
7237
6998
18589
2284
16329
5884
13912
7184
3257
19490
10835
8849
5729
6940
14106
12328
17711
7810
4070
8897
12592
17791
3344
7523
17730
10581
2397
8448
12890
2907
14454
9218
8791
12086
3588
15975
15344
6798
10530
7913
12527
1191
14566
6632
13519
4960
4342
5049
9031
16960
2798
1622
14750
6142
12867
16201
443
15264
8369
18171
2822
6272
10682
14909
9860
10378
10252
378
907
18165
12905
5819
19538
3058
1411
7600
14163
4560
14626
19506
3030
767
12372
4932
7636
18266
9527
14143
209
9051
14308
3023
18497
18936
4908
11402
4755
14660
7813
6491
5980
15921
653
10540
10546
158
13571
15035
16252
16522
3887
7842
1952
17135
1985
6489
1064
14757
8328
17781
5668
19063
7768
327
6875
14259
6307
6516
18633
568
783
2512
17860
15818
18764
18102
19505
2650
5944
1456
3505
11650
11666
4570
10127
3715
3662
14261
17970
14317
19929
752
5805
3976
11349
64
10283
1585
18697
14572
2368
1208
12431
1906
19972
10533
5131
6342
197
10308
15568
1974
5694
5521
17323
3670
7212
7964
4885
7574
3033
4949
1577
4619
7367
16150
12296
12301
12615
15989
6554
1466
6051
6751
11775
19620
6039
17470
1478
15455
6879
7000
16498
10549
11857
17868
462
9162
12651
5412
14460
990
16500
14330
11698
12516
8033
12225
13185
9500
3657
1274
1616
9696
2464
6816
8871
9343
17537
3612
15469
17225
5200
5085
14362
17736
10541
8821
18726
7040
6872
14145
3276
13503
2177
15502
10408
11677
16672
19115
11203
2856
5930
73
12199
7187
5442
19532
2655
6387
4731
7795
2813
18336
15356
7923
9096
2227
2067
12373
19451
11595
9858
19643
9093
11365
34
11928
2567
2891
1579
18811
8766
11803
11422
18191
10515
19163
13329
8359
8042
8684
2
17138
13231
14082
10035
4825
7660
13398
13918
19025
17153
5846
5312
3764
11146
11674
6296
19912
3476
18874
14216
15094
15923
6856
8327
6298
3993
2958
12089
17040
2123
8421
19242
19689
11166
16394
9255
16479
400
8152
10175
4032
18534
15366
4457
1127
13302
19551
17051
19598
6406
5377
9617
14120
12057
1705
15065
12817
7549
835
6790
523
12404
6904
13499
8882
10783
